ESP32_Segelboot_AP/data/Wetter/wind-global.js
var windData =[{"header":{"parameterCategory":2,"parameterNumber":2,"lo1":-5,"la1":60,"dx":1,"dy":1,"nx":16,"ny":11,"refTime":"2026-03-09T05:57:00"},"data":[15.5,10.6,13.9,7.6,7.2,6.7,8.6,2.9,3.6,-2.3,-7.2,-5.8,0.4,8.5,5.2,2,21.2,6.3,3.2,5.2,11,4.9,1.8,2,0,-1.1,-9.5,-5.8,1.3,6.1,8.6,7.2,7.7,1.4,3.1,1.3,2.3,-0.9,1.8,0.9,-4.3,-2,-7.4,-17.5,-9,-2.3,4.7,2,-1.8,-1.4,3.8,6.3,0.9,-7.9,-1.6,0,-5.4,-9.9,-13.5,-15.7,-15.7,-13.3,-7.6,-4.9,3.2,2.9,4.5,0.7,0.9,-3.1,-1.8,4,0.7,-3.2,-11.9,-13.9,-13.3,-12.8,-6.3,-5.6,-4.1,-1.6,-4,-1.8,1.8,0,-1.4,1.8,3.4,2.3,-2.2,-5.4,-8.3,-10.6,-6.3,-11,-0.9,-3.6,-4.3,-0.5,-3.1,-3.8,-4.7,1.1,-1.8,-5.4,-6.8,-5,-7.2,-9,-8.6,-6.8,-3.1,0.7,-3.6,-6.7,0,-2.9,2.7,3.2,9,7.9,4.1,-0.9,-1.4,-3.6,-6.5,-4,-7.9,-4.9,-1.8,-2.3,1.6,-4.1,-3.1,6.8,-5.6,-0.5,1.4,-0.4,0.4,-5,-5.4,-0.7,-6.3,-13.5,-5.6,-5.9,-7.4,-8.3,-6.7,-5.4,-3.4,0.2,1.8,1.8,-5.8,-2.9,-2.9,0.7,6.8,-3.6,1.1,-1.8,-0.9,-13.7,-7.9,-3.2,-4.5,-5.2,-1.8,-0.7,-0.2,1.1,-0.4,-1.1]},{"header":{"parameterCategory":2,"parameterNumber":3,"lo1":-5,"la1":60,"dx":1,"dy":1,"nx":16,"ny":11,"refTime":"2026-03-09T05:57:00"},"data":[-23.4,31.3,25.7,28.6,23.8,33.7,42.5,42.3,42.8,36,37.6,3.1,7.7,2.2,-0.7,2.5,34.9,25,17.1,27.4,29.3,33.5,38,34.4,34,30.2,28.6,2.9,0.5,1.6,-0.2,1.6,13.5,7.2,17.5,20.9,25.9,33.3,32.6,29.7,25.6,23.9,18.2,9.5,-2.9,-0.5,4.9,5.6,5.4,14.2,14.4,12.6,29.9,28.3,29,26.1,22.3,15.8,6.1,3.1,2.3,0.2,0,2.5,11.7,9.9,14.9,12.4,24.8,25.7,21.4,18.7,14.9,6.7,5.9,6.8,8.8,6.5,4,3.8,16,12.6,5.2,5.2,20,22.9,16.6,10.3,8.6,2.3,2.3,8.8,11.2,11.7,3.1,8.8,30.4,15.8,12.4,4.9,9.4,8.6,14.8,9,7.6,0.7,-4.3,-0.4,1.8,5.4,5.8,5.4,27,7.7,11.5,7,9.7,6.7,7.2,6.1,6.3,-2,0.7,2.5,2.5,2.9,7.2,0.4,17.8,3.1,5.8,4.3,9.2,7,2.5,6.5,5,0.9,-0.2,2.5,7.2,1.4,4,5.8,15.1,6.8,2.2,2.7,-2,-1.1,-0.5,2.2,4.1,5.4,5.4,4.9,5.8,0,0.4,0.7,3.8,9.5,8.1,14.9,10.1,-5,-1.8,2.5,6.7,8.6,10.3,1.6,1.8,0.7,1.8,-0.7]}]